p_La_gamma,volumes
0,0
0,0
0.005,0.000123045
0.01,0.000246091
0.015,0.000369135
0.02,0.000492178
0.025,0.000615219
0.03,0.000738259
0.035,0.000861296
0.04,0.000984331
0.045,0.00110736
0.05,0.00123039
0.055,0.00135341
0.06,0.00147643
0.065,0.00159945
0.07,0.00172246
0.075,0.00184546
0.08,0.00196846
0.085,0.00209145
0.09,0.00221444
0.095,0.00233742
0.1,0.00246039
0.105,0.00258335
0.11,0.00270631
0.115,0.00282926
0.12,0.00295219
0.125,0.00307512
0.13,0.00319804
0.135,0.00332095
0.14,0.00344658
0.145,0.00356956
0.15,0.00369254
0.155,0.0038155
0.16,0.00393845
0.165,0.00406139
0.17,0.00418431
0.175,0.00430722
0.18,0.00443012
0.185,0.004553
0.19,0.00467587
0.195,0.00480253
0.2,0.00492546
0.205,0.00504838
0.21,0.00517129
0.215,0.00529418
0.22,0.00541705
0.225,0.0055399
0.23,0.00566274
0.235,0.00578556
0.24,0.00591304
0.245,0.00603592
0.25,0.00615878
0.255,0.00628162
0.26,0.00640444
0.265,0.00652724
0.27,0.00665002
0.275,0.00677277
0.28,0.00690097
0.285,0.00702378
0.29,0.00714657
0.295,0.00726934
0.3,0.00739208
0.305,0.0075148
0.31,0.00764355
0.315,0.00776632
0.32,0.00788906
0.325,0.00801178
0.33,0.00813448
0.335,0.00825714
0.34,0.00838642
0.345,0.00850913
0.35,0.00863182
0.355,0.00875447
0.36,0.00887711
0.365,0.00900683
0.37,0.0091295
0.375,0.00925214
0.38,0.00937475
0.385,0.00949733
0.39,0.00962749
0.395,0.00975011
0.4,0.0098727
0.405,0.00999525
0.41,0.0101178
0.415,0.0102484
0.42,0.0103709
0.425,0.0104934
0.43,0.0106159
0.435,0.0107469
0.44,0.0108694
0.445,0.0109919
0.45,0.0111143
0.455,0.0112367
0.46,0.0113681
0.465,0.0114905
0.47,0.0116129
0.475,0.0117353
0.48,0.011867
0.485,0.0119894
0.49,0.0121117
0.495,0.012234
0.5,0.0123661
0.505,0.0124884
0.51,0.0126107
0.515,0.012743
0.52,0.0128653
0.525,0.0129875
0.53,0.0131098
0.535,0.0132424
0.54,0.0133646
0.545,0.0134868
0.55,0.0136197
0.555,0.0137419
0.56,0.013864
0.565,0.0139861
0.57,0.0141193
0.575,0.0142414
0.58,0.0143635
0.585,0.014497
0.59,0.014619
0.595,0.0147411
0.6,0.0148748
0.605,0.0149968
0.61,0.0151188
0.615,0.0152527
0.62,0.0153747
0.625,0.0154966
0.63,0.0156308
0.635,0.0157527
0.64,0.0158746
0.645,0.016009
0.65,0.0161309
0.655,0.0162527
0.66,0.0163874
0.665,0.0165092
0.67,0.0166309
0.675,0.0167658
0.68,0.0168876
0.685,0.0170093
0.69,0.0171444
0.695,0.0172661
0.7,0.0174013
0.705,0.017523
0.71,0.0176446
0.715,0.0177801
0.72,0.0179017
0.725,0.0180374
0.73,0.018159
0.735,0.0182805
0.74,0.0184164
0.745,0.0185379
0.75,0.0186739
0.755,0.0187954
0.76,0.0189168
0.765,0.0190531
0.77,0.0191744
0.775,0.0193109
0.78,0.0194322
0.785,0.0195535
0.79,0.0196902
0.795,0.0198114
0.8,0.0199482
0.805,0.0200695
0.81,0.0202064
0.815,0.0203276
0.82,0.0204647
0.825,0.0205859
0.83,0.020707
0.835,0.0208443
0.84,0.0209653
0.845,0.0211028
0.85,0.0212238
0.855,0.0213614
0.86,0.0214824
0.865,0.0216202
0.87,0.0217411
0.875,0.021879
0.88,0.0219999
0.885,0.022138
0.89,0.0222588
0.895,0.022397
0.9,0.0225178
0.905,0.0226561
0.91,0.0227769
0.915,0.0229154
0.92,0.023036
0.925,0.0231747
0.93,0.0232953
0.935,0.0234341
0.94,0.0235546
0.945,0.0236936
0.95,0.0238141
0.955,0.0239531
0.96,0.0240736
0.965,0.0242127
0.97,0.0243331
0.975,0.0244724
0.98,0.0245928
0.985,0.0247322
0.99,0.0248525
0.995,0.024992
1,0.0251317
1.005,0.0252519
1.01,0.0253917
1.015,0.0255118
1.02,0.0256518
1.025,0.0257718
1.03,0.0259119
1.035,0.026052
1.04,0.026172
1.045,0.0263123
1.05,0.0264322
1.055,0.0265726
1.06,0.0266924
1.065,0.026833
1.07,0.0269736
1.075,0.0270933
1.08,0.027234
1.085,0.0273537
1.09,0.0274945
1.095,0.0276355
1.1,0.0277551
1.105,0.0278961
1.11,0.0280373
1.115,0.0281568
1.12,0.028298
1.125,0.0284174
1.13,0.0285588
1.135,0.0287002
1.14,0.0288195
1.145,0.0289611
1.15,0.0291027
1.155,0.0292219
1.16,0.0293637
1.165,0.0295055
1.17,0.0296246
1.175,0.0297665
1.18,0.0299085
1.185,0.0300275
1.19,0.0301696
1.195,0.0303118
1.2,0.0304307
1.205,0.030573
1.21,0.0307154
1.215,0.0308342
1.22,0.0309766
1.225,0.0311192
1.23,0.0312618
1.235,0.0313804
1.24,0.0315231
1.245,0.0316659
1.25,0.0317845
1.255,0.0319273
1.26,0.0320703
1.265,0.0322133
1.27,0.0323317
1.275,0.0324748
1.28,0.032618
1.285,0.0327613
1.29,0.0328795
1.295,0.0330228
1.3,0.0331663
1.305,0.0333098
1.31,0.0334278
1.315,0.0335714
1.32,0.033715
1.325,0.0338588
1.33,0.0339766
1.335,0.0341204
1.34,0.0342643
1.345,0.0344082
1.35,0.0345259
1.355,0.0346699
1.36,0.034814
1.365,0.0349581
1.37,0.0351023
1.375,0.0352198
1.38,0.035364
1.385,0.0355084
1.39,0.0356528
1.395,0.0357972
1.4,0.0359418
1.405,0.036059
1.41,0.0362036
1.415,0.0363482
1.42,0.0364929
1.425,0.0366377
1.43,0.0367825
1.435,0.0368995
1.44,0.0370444
1.445,0.0371893
1.45,0.0373343
1.455,0.0374794
1.46,0.0376245
1.465,0.0377697
1.47,0.0378863
1.475,0.0380315
1.48,0.0381768
1.485,0.0383221
1.49,0.0384675
1.495,0.038613
1.5,0.0387585
1.505,0.0389041
1.51,0.0390497
1.515,0.0391954
1.52,0.0393115
1.525,0.0394572
1.53,0.0396029
1.535,0.0397487
1.54,0.0398946
1.545,0.0400405
1.55,0.0401864
1.555,0.0403325
1.56,0.0404785
1.565,0.0406246
1.57,0.0407708
1.575,0.040917
1.58,0.0410632
1.585,0.0412095
1.59,0.0413559
1.595,0.0415023
1.6,0.0416487
1.605,0.0417952
1.61,0.0419417
1.615,0.0420882
1.62,0.0422349
1.625,0.0423815
1.63,0.0425282
1.635,0.0426749
1.64,0.0428217
1.645,0.0429685
1.65,0.0431153
1.655,0.0432622
1.66,0.0434091
1.665,0.0435561
1.67,0.0437031
1.675,0.0438501
1.68,0.0439971
1.685,0.0441442
1.69,0.0442914
1.695,0.0444385
1.7,0.0445857
1.705,0.0447329
1.71,0.0448802
1.715,0.0450274
1.72,0.0451747
1.725,0.0453221
1.73,0.0454694
1.735,0.0456506
1.74,0.0457981
1.745,0.0459457
1.75,0.0460932
1.755,0.0462408
1.76,0.0463884
1.765,0.046536
1.77,0.0466836
1.775,0.0468313
1.78,0.0470137
1.785,0.0471615
1.79,0.0473093
1.795,0.0474571
1.8,0.047605
1.805,0.0477528
1.81,0.0479007
1.815,0.048084
1.82,0.048232
1.825,0.04838
1.83,0.048528
1.835,0.048676
1.84,0.0488599
1.845,0.0490081
1.85,0.0491563
1.855,0.0493044
1.86,0.0494526
1.865,0.0496371
1.87,0.0497854
1.875,0.0499337
1.88,0.050082
1.885,0.0502303
1.89,0.0504154
1.895,0.0505638
1.9,0.0507122
1.905,0.0508606
1.91,0.0510462
1.915,0.0511947
1.92,0.0513432
1.925,0.0514917
1.93,0.0516778
1.935,0.0518263
1.94,0.0519749
1.945,0.0521613
1.95,0.05231
1.955,0.0524586
1.96,0.0526072
1.965,0.0527941
1.97,0.0529428
1.975,0.0530915
1.98,0.0532788
1.985,0.0534275
1.99,0.0535763
1.995,0.0537639
2,0.0539127
2.005,0.0540615
2.01,0.0542494
2.015,0.0543983
2.02,0.0545864
2.025,0.0547353
2.03,0.0548842
2.035,0.0550727
2.04,0.0552217
2.045,0.0553706
2.05,0.0555594
2.055,0.0557083
2.06,0.0558974
2.065,0.0560464
2.07,0.0562357
2.075,0.0563847
2.08,0.0565337
2.085,0.0567233
2.09,0.0568723
2.095,0.0570621
2.1,0.0572111
2.105,0.0574012
2.11,0.0575502
2.115,0.0577405
2.12,0.0578896
2.125,0.05808
2.13,0.0582291
2.135,0.0584198
2.14,0.0585689
2.145,0.0587597
2.15,0.0589089
2.155,0.0590999
2.16,0.059249
2.165,0.0594403
2.17,0.0595894
2.175,0.0597809
2.18,0.05993
2.185,0.0601216
2.19,0.0602707
2.195,0.0604625
2.2,0.0606116
2.205,0.0608036
2.21,0.0609957
2.215,0.0611448
2.22,0.0613371
2.225,0.0614862
2.23,0.0616786
2.235,0.0618712
2.24,0.0620203
2.245,0.062213
2.25,0.0624059
2.255,0.062555
2.26,0.062748
2.265,0.0629412
2.27,0.0630902
2.275,0.0632835
2.28,0.0634769
2.285,0.063626
2.29,0.0638195
2.295,0.0640132
2.3,0.0641622
2.305,0.064356
2.31,0.0645499
2.315,0.0646988
2.32,0.0648928
2.325,0.065087
2.33,0.0652812
2.335,0.0654301
2.34,0.0656245
2.345,0.0658189
2.35,0.0660135
2.355,0.0662082
2.36,0.066357
2.365,0.0665518
2.37,0.0667466
2.375,0.0669416
2.38,0.0671366
2.385,0.0672854
2.39,0.0674805
2.395,0.0676757
2.4,0.0678711
2.405,0.0680665
2.41,0.068262
2.415,0.0684105
2.42,0.0686061
2.425,0.0688018
2.43,0.0689975
2.435,0.0691933
2.44,0.0693892
2.445,0.0695852
2.45,0.0697812
2.455,0.0699773
2.46,0.0701735
2.465,0.0703698
2.47,0.070518
2.475,0.0707144
2.48,0.0709107
2.485,0.0711072
2.49,0.0713037
2.495,0.0715002
2.5,0.0716968
2.505,0.0718935
2.51,0.0720903
2.515,0.0722871
2.52,0.0724839
2.525,0.0726808
2.53,0.072927
2.535,0.0731241
2.54,0.0733213
2.545,0.0735185
2.55,0.0737157
2.555,0.073913
2.56,0.0741103
2.565,0.0743077
2.57,0.0745051
2.575,0.0747025
2.58,0.0749502
2.585,0.0751478
2.59,0.0753454
2.595,0.0755431
2.6,0.0757408
2.605,0.0759385
2.61,0.0761871
2.615,0.076385
2.62,0.0765828
2.625,0.0767808
2.63,0.0769787
2.635,0.0772279
2.64,0.077426
2.645,0.077624
2.65,0.0778221
2.655,0.0780719
2.66,0.0782701
2.665,0.0784683
2.67,0.0787184
2.675,0.0789167
2.68,0.079115
2.685,0.0793656
2.69,0.0795639
2.695,0.0797623
2.7,0.0800132
2.705,0.0802117
2.71,0.0804101
2.715,0.0806614
2.72,0.0808599
2.725,0.0811114
2.73,0.08131
2.735,0.0815618
2.74,0.0817604
2.745,0.081959
2.75,0.0822111
2.755,0.0824097
2.76,0.082662
2.765,0.0828607
2.77,0.0831132
2.775,0.0833119
2.78,0.0835646
2.785,0.0838175
2.79,0.0840162
2.795,0.0842693
2.8,0.084468
2.805,0.0847213
2.81,0.08492
2.815,0.0851735
2.82,0.0854271
2.825,0.0856258
2.83,0.0858795
2.835,0.0861334
2.84,0.0863322
2.845,0.0865862
2.85,0.0868403
2.855,0.0870946
2.86,0.0872933
2.865,0.0875477
2.87,0.0878021
2.875,0.0880567
2.88,0.0882554
2.885,0.0885101
2.89,0.0887649
2.895,0.0890198
2.9,0.0892748
2.905,0.0894734
2.91,0.0897285
2.915,0.0899837
2.92,0.0902389
2.925,0.0904942
2.93,0.0907496
2.935,0.0910051
2.94,0.0912607
2.945,0.0915163
2.95,0.091772
2.955,0.0920277
2.96,0.0922835
2.965,0.0925394
2.97,0.0927953
2.975,0.0930513
2.98,0.0933073
2.985,0.0935634
2.99,0.0938195
2.995,0.0940757
3,0.0943318
3.005,0.0945881
3.01,0.0949028
3.015,0.0951592
3.02,0.0954156
3.025,0.095672
3.03,0.0959285
3.035,0.0962439
3.04,0.0965005
3.045,0.096757
3.05,0.0970729
3.055,0.0973295
3.06,0.0975862
3.065,0.0978428
3.07,0.0981592
3.075,0.0984159
3.08,0.0987325
3.085,0.0989892
3.09,0.099246
3.095,0.0995629
3.1,0.0998197
3.105,0.100137
3.11,0.100394
3.115,0.100711
3.12,0.100968
3.125,0.101285
3.13,0.101603
3.135,0.10186
3.14,0.102177
3.145,0.102434
3.15,0.102752
3.155,0.10307
3.16,0.103327
3.165,0.103645
3.17,0.103963
3.175,0.104282
3.18,0.104539
3.185,0.104857
3.19,0.105176
3.195,0.105494
3.2,0.105813
3.205,0.106132
3.21,0.106451
3.215,0.10677
3.22,0.107088
3.225,0.107407
3.23,0.107727
3.235,0.108046
3.24,0.108365
3.245,0.108684
3.25,0.109003
3.255,0.109322
3.26,0.109642
3.265,0.109961
3.27,0.11028
3.275,0.110663
3.28,0.110982
3.285,0.111302
3.29,0.111685
3.295,0.112004
3.3,0.112324
3.305,0.112707
3.31,0.113027
3.315,0.113346
3.32,0.11373
3.325,0.114049
3.33,0.114433
3.335,0.114817
3.34,0.115137
3.345,0.115521
3.35,0.11584
3.355,0.116224
3.36,0.116609
3.365,0.116993
3.37,0.117312
3.375,0.117697
3.38,0.118081
3.385,0.118466
3.39,0.118851
3.395,0.119235
3.4,0.11962
3.405,0.120005
3.41,0.12039
3.415,0.120774
3.42,0.121159
3.425,0.121544
3.43,0.121929
3.435,0.122313
3.44,0.122765
3.445,0.12315
3.45,0.123534
3.455,0.123986
3.46,0.124371
3.465,0.124823
3.47,0.125207
3.475,0.125659
3.48,0.126044
3.485,0.126496
3.49,0.126948
3.495,0.127332
3.5,0.127784
3.505,0.128236
3.51,0.128689
3.515,0.129141
3.52,0.129593
3.525,0.130045
3.53,0.130497
3.535,0.130949
3.54,0.131401
3.545,0.131853
3.55,0.132305
3.555,0.132826
3.56,0.133278
3.565,0.13373
3.57,0.134251
3.575,0.134703
3.58,0.135224
3.585,0.135745
3.59,0.136196
3.595,0.136717
3.6,0.137238
3.605,0.137759
3.61,0.13828
3.615,0.138801
3.62,0.139321
3.625,0.139842
3.63,0.140363
3.635,0.140883
3.64,0.141474
3.645,0.141995
3.65,0.142585
3.655,0.143106
3.66,0.143696
3.665,0.144287
3.67,0.144807
3.675,0.145397
3.68,0.145988
3.685,0.146578
3.69,0.14724
3.695,0.14783
3.7,0.14842
3.705,0.149082
3.71,0.149672
3.715,0.150333
3.72,0.150923
3.725,0.151584
3.73,0.152245
3.735,0.152906
3.74,0.153567
3.745,0.1543
3.75,0.15496
3.755,0.155693
3.76,0.156353
3.765,0.157086
3.77,0.157818
3.775,0.158551
3.78,0.159283
3.785,0.160015
3.79,0.160819
3.795,0.161551
3.8,0.162355
3.805,0.163159
3.81,0.163963
3.815,0.164767
3.82,0.165645
3.825,0.166448
3.83,0.167324
3.835,0.168201
3.84,0.169077
3.845,0.169953
3.85,0.170903
3.855,0.171852
3.86,0.172801
3.865,0.17375
3.87,0.174773
3.875,0.175721
3.88,0.176818
3.885,0.17784
3.89,0.178937
3.895,0.179957
3.9,0.181128
3.905,0.182223
3.91,0.183392
3.915,0.184637
3.92,0.185806
3.925,0.187125
3.93,0.188368
3.935,0.189686
3.94,0.191079
3.945,0.192472
3.95,0.19394
3.955,0.195407
3.96,0.19695
3.965,0.198568
3.97,0.200262
3.975,0.201955
3.98,0.203724
3.985,0.205645
3.99,0.207565
3.995,0.209637
4,0.211785
4.005,0.214087
4.01,0.216464
4.015,0.219071
4.02,0.221832
4.025,0.224823
4.03,0.228123
4.035,0.231809
4.04,0.23596
4.045,0.24081
4.05,0.246906
4.055,0.255346
4.06,0.785736
4.065,0.78451
4.07,0.783366
4.075,0.782229
4.08,0.781174
4.085,0.780126
4.09,0.779084
4.095,0.778125
4.1,0.777172
4.105,0.776301
4.11,0.775512
4.115,0.774729
4.12,0.774028
4.125,0.773333
4.13,0.772795
4.135,0.772264
4.14,0.771737
4.145,0.771368
4.15,0.771005
4.155,0.770799
4.16,0.770598
4.165,0.770555
4.17,0.770516
4.175,0.770712
4.18,0.770911
4.185,0.771268
4.19,0.771783
4.195,0.772456
4.2,0.773286
4.205,0.77435
4.21,0.775649
4.215,0.777182
4.22,0.779105
4.225,0.781417
4.23,0.784274
4.235,0.787909
4.24,0.792634
4.245,0.799153
4.25,0.810284
4.255,1.45249
4.26,1.44692
4.265,1.44145
4.27,1.43595
4.275,1.43062
4.28,1.42525
4.285,1.41998
4.29,1.41482
4.295,1.40962
4.3,1.40452
4.305,1.39952
4.31,1.39455
4.315,1.38961
4.32,1.3847
4.325,1.37988
4.33,1.37517
4.335,1.37049
4.34,1.36583
4.345,1.3612
4.35,1.35667
4.355,1.35224
4.36,1.34783
4.365,1.34344
4.37,1.33916
4.375,1.3349
4.38,1.33066
4.385,1.32659
4.39,1.32247
4.395,1.31845
4.4,1.31453
4.405,1.31062
4.41,1.30674
4.415,1.30295
4.42,1.29926
4.425,1.29559
4.43,1.29201
4.435,1.28845
4.44,1.28499
4.445,1.28162
4.45,1.27827
4.455,1.27501
4.46,1.27177
4.465,1.2687
4.47,1.26565
4.475,1.26261
4.48,1.25974
4.485,1.25688
4.49,1.25412
4.495,1.25152
4.5,1.24894
4.505,1.24645
4.51,1.24405
4.515,1.24174
4.52,1.23952
4.525,1.23747
4.53,1.2355
4.535,1.23362
4.54,1.23191
4.545,1.23029
4.55,1.2289
4.555,1.22761
4.56,1.22655
4.565,1.22558
4.57,1.22493
4.575,1.22452
4.58,1.22435
4.585,1.22449
4.59,1.22494
4.595,1.22595
4.6,1.22742
4.605,1.2296
4.61,1.23271
4.615,1.23721
4.62,1.24382
4.625,1.25503
4.63,2.08388
4.635,2.0728
4.64,2.06175
4.645,2.05096
4.65,2.04019
4.655,2.02966
4.66,2.01916
4.665,2.00883
4.67,1.99859
4.675,1.98851
4.68,1.97852
4.685,1.96863
4.69,1.95889
4.695,1.94931
4.7,1.93981
4.705,1.93039
4.71,1.92112
4.715,1.91194
4.72,1.90283
4.725,1.89387
4.73,1.88505
4.735,1.87631
4.74,1.86764
4.745,1.85911
4.75,1.85073
4.755,1.84241
4.76,1.83416
4.765,1.82604
4.77,1.81806
4.775,1.81015
4.78,1.80229
4.785,1.79465
4.79,1.78698
4.795,1.77945
4.8,1.77205
4.805,1.7647
4.81,1.75749
4.815,1.7504
4.82,1.74336
4.825,1.73637
4.83,1.72958
4.835,1.72285
4.84,1.71616
4.845,1.70959
4.85,1.70314
4.855,1.69681
4.86,1.69053
4.865,1.68436
4.87,1.67832
4.875,1.67231
4.88,1.66642
4.885,1.66065
4.89,1.65499
4.895,1.64936
4.9,1.64393
4.905,1.63853
4.91,1.63325
4.915,1.62807
4.92,1.62301
4.925,1.61805
4.93,1.61321
4.935,1.60854
4.94,1.60391
4.945,1.59938
4.95,1.59504
4.955,1.5908
4.96,1.58666
4.965,1.58271
4.97,1.57885
4.975,1.57518
4.98,1.57168
4.985,1.56828
4.99,1.56506
